1005 0
1014 1
1022 2
1039 3
1147 4
1154 5
1226 6
1236 7
1245 8
1248 9
1299 10
1317 11
1321 12
138 13
14 14
1466 15
1542 16
1595 17
1649 18
1657 19
176 20
1764 21
18 22
1822 23
194 24
199 25
1994 26
2013 27
2027 28
2059 29
21 30
2188 31
2189 32
23 33
2390 34
2439 35
2526 36
256 37
2639 38
2644 39
2725 40
2738 41
2749 42
2834 43
291 44
2986 45
3 46
3024 47
308 48
3274 49
3384 50
3410 51
343 52
3687 53
37 54
3989 55
406 56
41 57
4111 58
4238 59
4290 60
4312 61
4362 62
4401 63
4478 64
4670 65
47 66
476 67
4968 68
5065 69
513 70
5287 71
5444 72
5447 73
5547 74
578 75
5830 76
5889 77
6023 78
6049 79
6090 80
6224 81
626 82
6332 83
6374 84
6558 85
658 86
6723 87
6811 88
69 89
693 90
7601 91
7766 92
8071 93
819 94
8313 95
8401 96
872 97
944 98
956 99
